-0.262661 -0.5 -0.425452
0.262661 -0.5 0.425452
-1.11356 -0.5 0.0998702
-0.262661 -0.5 -0.425452
-1.11356 -0.5 0.0998702
0.262661 -0.5 0.425452
-0.588243 -0.5 0.950774
-1.11356 -0.5 0.0998702
-0.262661 0.5 -0.425452
-0.262661 -0.5 -0.425452
-1.11356 0.5 0.0998702
-0.262661 0.5 -0.425452
-1.11356 0.5 0.0998702
-0.262661 -0.5 -0.425452
-1.11356 -0.5 0.0998702
-1.11356 0.5 0.0998702
0.262661 0.5 0.425452
-0.262661 0.5 -0.425452
-0.588243 0.5 0.950774
0.262661 0.5 0.425452
-0.588243 0.5 0.950774
-0.262661 0.5 -0.425452
-1.11356 0.5 0.0998702
-0.588243 0.5 0.950774
0.262661 -0.5 0.425452
0.262661 0.5 0.425452
-0.588243 -0.5 0.950774
0.262661 -0.5 0.425452
-0.588243 -0.5 0.950774
0.262661 0.5 0.425452
-0.588243 0.5 0.950774
-0.588243 -0.5 0.950774
-0.588243 0.5 0.950774
-1.11356 0.5 0.0998702
-0.588243 -0.5 0.950774
-0.588243 0.5 0.950774
-0.588243 -0.5 0.950774
-1.11356 0.5 0.0998702
-1.11356 -0.5 0.0998702
-0.588243 -0.5 0.950774
0.262661 -0.5 0.425452
-0.262661 -0.5 -0.425452
0.262661 0.5 0.425452
0.262661 -0.5 0.425452
0.262661 0.5 0.425452
-0.262661 -0.5 -0.425452
-0.262661 0.5 -0.425452
0.262661 0.5 0.425452
